p-Cxxxx-V1.txt
3
23
30
30
1.5
10 1 2 3 4 5 6 7 8 9 10
10 11 12 13 14 15 16 17 18 19 20
10 21 22 23 24 25 26 27 28 29 30
1 1
2 1 2
1 1
2 1 2
2 1 2
2 1 2
1 1
3 1 2 3
3 1 2 3
3 1 2 3
1 1
1 1
1 1
1 1
2 1 2
2 1 2
3 1 2 3
3 1 2 3
1 1
1 1
3 1 2 3
1 1
2 1 2
0.405518 0.558768 0.654896 0.333333 0.669992 0.603692 0.687184 0.537484 1.11006 1.02686 0.339935 1.31191 0.504425 1.17851 1.20185 0.633333 0.433333 0.533333 1.34371 0.504425 1.2693 0.603692 1.30171 
0.120185 0.628932 0.715697 0.166667 0.795124 0.74012 0.942809 0.778175 0.865384 0.839312 0.179505 1.17094 0.755719 0.897527 1.01379 0.806915 0.194365 0.731057 1.17851 0.0666667 1.16667 0.825295 1.05409 
0.778175 0.339935 0.334996 0.781025 0.24267 0.233333 0.0666667 0.120185 0.929755 0.801388 0.731057 0.953357 0.141421 1.02686 0.924362 0.169967 0.713364 0.179505 1.00775 0.85375 0.87496 0.1 1.07703 
0.405518 0.120185 0.778175 
0.558768 0.628932 0.339935 
0.654896 0.715697 0.334996 
0.333333 0.166667 0.781025 
0.669992 0.795124 0.24267 
0.603692 0.74012 0.233333 
0.687184 0.942809 0.0666667 
0.537484 0.778175 0.120185 
1.11006 0.865384 0.929755 
1.02686 0.839312 0.801388 
0.339935 0.179505 0.731057 
1.31191 1.17094 0.953357 
0.504425 0.755719 0.141421 
1.17851 0.897527 1.02686 
1.20185 1.01379 0.924362 
0.633333 0.806915 0.169967 
0.433333 0.194365 0.713364 
0.533333 0.731057 0.179505 
1.34371 1.17851 1.00775 
0.504425 0.0666667 0.85375 
1.2693 1.16667 0.87496 
0.603692 0.825295 0.1 
1.30171 1.05409 1.07703 
1
1 0.166667
2 0.166667 0.166667
1 0.166667
2 0.166667 0.166667
2 0.166667 0.166667
2 0.166667 0.166667
1 0.166667
3 0.166667 0.166667 0.166667
3 0.166667 0.166667 0.166667
3 0.166667 0.166667 0.166667
1 0.166667
1 0.166667
1 0.166667
1 0.166667
2 0.166667 0.166667
2 0.166667 0.166667
3 0.166667 0.166667 0.166667
3 0.166667 0.166667 0.166667
1 0.166667
1 0.166667
3 0.166667 0.166667 0.166667
1 0.166667
2 0.166667 0.166667
2
1 0.166667
2 0.166667 0.166667
1 0.166667
2 0.166667 0.166667
2 0.166667 0.166667
2 0.166667 0.166667
1 0.166667
3 0.166667 0.166667 0.166667
3 0.166667 0.166667 0.166667
3 0.166667 0.166667 0.166667
1 0.166667
1 0.166667
1 0.166667
1 0.166667
2 0.166667 0.166667
2 0.166667 0.166667
3 0.166667 0.166667 0.166667
3 0.166667 0.166667 0.166667
1 0.166667
1 0.166667
3 0.166667 0.166667 0.166667
1 0.166667
2 0.166667 0.166667
3
1 0.166667
2 0.166667 0.166667
1 0.166667
2 0.166667 0.166667
2 0.166667 0.166667
2 0.166667 0.166667
1 0.166667
3 0.166667 0.166667 0.166667
3 0.166667 0.166667 0.166667
3 0.166667 0.166667 0.166667
1 0.166667
1 0.166667
1 0.166667
1 0.166667
2 0.166667 0.166667
2 0.166667 0.166667
3 0.166667 0.166667 0.166667
3 0.166667 0.166667 0.166667
1 0.166667
1 0.166667
3 0.166667 0.166667 0.166667
1 0.166667
2 0.166667 0.166667
4
1 0.166667
2 0.166667 0.166667
1 0.166667
2 0.166667 0.166667
2 0.166667 0.166667
2 0.166667 0.166667
1 0.166667
3 0.166667 0.166667 0.166667
3 0.166667 0.166667 0.166667
3 0.166667 0.166667 0.166667
1 0.166667
1 0.166667
1 0.166667
1 0.166667
2 0.166667 0.166667
2 0.166667 0.166667
3 0.166667 0.166667 0.166667
3 0.166667 0.166667 0.166667
1 0.166667
1 0.166667
3 0.166667 0.166667 0.166667
1 0.166667
2 0.166667 0.166667
5
1 0.166667
2 0.166667 0.166667
1 0.166667
2 0.166667 0.166667
2 0.166667 0.166667
2 0.166667 0.166667
1 0.166667
3 0.166667 0.166667 0.166667
3 0.166667 0.166667 0.166667
3 0.166667 0.166667 0.166667
1 0.166667
1 0.166667
1 0.166667
1 0.166667
2 0.166667 0.166667
2 0.166667 0.166667
3 0.166667 0.166667 0.166667
3 0.166667 0.166667 0.166667
1 0.166667
1 0.166667
3 0.166667 0.166667 0.166667
1 0.166667
2 0.166667 0.166667
6
1 0.166667
2 0.166667 0.166667
1 0.166667
2 0.166667 0.166667
2 0.166667 0.166667
2 0.166667 0.166667
1 0.166667
3 0.166667 0.166667 0.166667
3 0.166667 0.166667 0.166667
3 0.166667 0.166667 0.166667
1 0.166667
1 0.166667
1 0.166667
1 0.166667
2 0.166667 0.166667
2 0.166667 0.166667
3 0.166667 0.166667 0.166667
3 0.166667 0.166667 0.166667
1 0.166667
1 0.166667
3 0.166667 0.166667 0.166667
1 0.166667
2 0.166667 0.166667
7
1 0.166667
2 0.166667 0.166667
1 0.166667
2 0.166667 0.166667
2 0.166667 0.166667
2 0.166667 0.166667
1 0.166667
3 0.166667 0.166667 0.166667
3 0.166667 0.166667 0.166667
3 0.166667 0.166667 0.166667
1 0.166667
1 0.166667
1 0.166667
1 0.166667
2 0.166667 0.166667
2 0.166667 0.166667
3 0.166667 0.166667 0.166667
3 0.166667 0.166667 0.166667
1 0.166667
1 0.166667
3 0.166667 0.166667 0.166667
1 0.166667
2 0.166667 0.166667
8
1 0.166667
2 0.166667 0.166667
1 0.166667
2 0.166667 0.166667
2 0.166667 0.166667
2 0.166667 0.166667
1 0.166667
3 0.166667 0.166667 0.166667
3 0.166667 0.166667 0.166667
3 0.166667 0.166667 0.166667
1 0.166667
1 0.166667
1 0.166667
1 0.166667
2 0.166667 0.166667
2 0.166667 0.166667
3 0.166667 0.166667 0.166667
3 0.166667 0.166667 0.166667
1 0.166667
1 0.166667
3 0.166667 0.166667 0.166667
1 0.166667
2 0.166667 0.166667
9
1 0.166667
2 0.166667 0.166667
1 0.166667
2 0.166667 0.166667
2 0.166667 0.166667
2 0.166667 0.166667
1 0.166667
3 0.166667 0.166667 0.166667
3 0.166667 0.166667 0.166667
3 0.166667 0.166667 0.166667
1 0.166667
1 0.166667
1 0.166667
1 0.166667
2 0.166667 0.166667
2 0.166667 0.166667
3 0.166667 0.166667 0.166667
3 0.166667 0.166667 0.166667
1 0.166667
1 0.166667
3 0.166667 0.166667 0.166667
1 0.166667
2 0.166667 0.166667
10
1 0.166667
2 0.166667 0.166667
1 0.166667
2 0.166667 0.166667
2 0.166667 0.166667
2 0.166667 0.166667
1 0.166667
3 0.166667 0.166667 0.166667
3 0.166667 0.166667 0.166667
3 0.166667 0.166667 0.166667
1 0.166667
1 0.166667
1 0.166667
1 0.166667
2 0.166667 0.166667
2 0.166667 0.166667
3 0.166667 0.166667 0.166667
3 0.166667 0.166667 0.166667
1 0.166667
1 0.166667
3 0.166667 0.166667 0.166667
1 0.166667
2 0.166667 0.166667
11
1 0.166667
2 0.166667 0.166667
1 0.166667
2 0.166667 0.166667
2 0.166667 0.166667
2 0.166667 0.166667
1 0.166667
3 0.166667 0.166667 0.166667
3 0.166667 0.166667 0.166667
3 0.166667 0.166667 0.166667
1 0.166667
1 0.166667
1 0.166667
1 0.166667
2 0.166667 0.166667
2 0.166667 0.166667
3 0.166667 0.166667 0.166667
3 0.166667 0.166667 0.166667
1 0.166667
1 0.166667
3 0.166667 0.166667 0.166667
1 0.166667
2 0.166667 0.166667
12
1 0.166667
2 0.166667 0.166667
1 0.166667
2 0.166667 0.166667
2 0.166667 0.166667
2 0.166667 0.166667
1 0.166667
3 0.166667 0.166667 0.166667
3 0.166667 0.166667 0.166667
3 0.166667 0.166667 0.166667
1 0.166667
1 0.166667
1 0.166667
1 0.166667
2 0.166667 0.166667
2 0.166667 0.166667
3 0.166667 0.166667 0.166667
3 0.166667 0.166667 0.166667
1 0.166667
1 0.166667
3 0.166667 0.166667 0.166667
1 0.166667
2 0.166667 0.166667
13
1 0.166667
2 0.166667 0.166667
1 0.166667
2 0.166667 0.166667
2 0.166667 0.166667
2 0.166667 0.166667
1 0.166667
3 0.166667 0.166667 0.166667
3 0.166667 0.166667 0.166667
3 0.166667 0.166667 0.166667
1 0.166667
1 0.166667
1 0.166667
1 0.166667
2 0.166667 0.166667
2 0.166667 0.166667
3 0.166667 0.166667 0.166667
3 0.166667 0.166667 0.166667
1 0.166667
1 0.166667
3 0.166667 0.166667 0.166667
1 0.166667
2 0.166667 0.166667
14
1 0.166667
2 0.166667 0.166667
1 0.166667
2 0.166667 0.166667
2 0.166667 0.166667
2 0.166667 0.166667
1 0.166667
3 0.166667 0.166667 0.166667
3 0.166667 0.166667 0.166667
3 0.166667 0.166667 0.166667
1 0.166667
1 0.166667
1 0.166667
1 0.166667
2 0.166667 0.166667
2 0.166667 0.166667
3 0.166667 0.166667 0.166667
3 0.166667 0.166667 0.166667
1 0.166667
1 0.166667
3 0.166667 0.166667 0.166667
1 0.166667
2 0.166667 0.166667
15
1 0.166667
2 0.166667 0.166667
1 0.166667
2 0.166667 0.166667
2 0.166667 0.166667
2 0.166667 0.166667
1 0.166667
3 0.166667 0.166667 0.166667
3 0.166667 0.166667 0.166667
3 0.166667 0.166667 0.166667
1 0.166667
1 0.166667
1 0.166667
1 0.166667
2 0.166667 0.166667
2 0.166667 0.166667
3 0.166667 0.166667 0.166667
3 0.166667 0.166667 0.166667
1 0.166667
1 0.166667
3 0.166667 0.166667 0.166667
1 0.166667
2 0.166667 0.166667
16
1 0.166667
2 0.166667 0.166667
1 0.166667
2 0.166667 0.166667
2 0.166667 0.166667
2 0.166667 0.166667
1 0.166667
3 0.166667 0.166667 0.166667
3 0.166667 0.166667 0.166667
3 0.166667 0.166667 0.166667
1 0.166667
1 0.166667
1 0.166667
1 0.166667
2 0.166667 0.166667
2 0.166667 0.166667
3 0.166667 0.166667 0.166667
3 0.166667 0.166667 0.166667
1 0.166667
1 0.166667
3 0.166667 0.166667 0.166667
1 0.166667
2 0.166667 0.166667
17
1 0.166667
2 0.166667 0.166667
1 0.166667
2 0.166667 0.166667
2 0.166667 0.166667
2 0.166667 0.166667
1 0.166667
3 0.166667 0.166667 0.166667
3 0.166667 0.166667 0.166667
3 0.166667 0.166667 0.166667
1 0.166667
1 0.166667
1 0.166667
1 0.166667
2 0.166667 0.166667
2 0.166667 0.166667
3 0.166667 0.166667 0.166667
3 0.166667 0.166667 0.166667
1 0.166667
1 0.166667
3 0.166667 0.166667 0.166667
1 0.166667
2 0.166667 0.166667
18
1 0.166667
2 0.166667 0.166667
1 0.166667
2 0.166667 0.166667
2 0.166667 0.166667
2 0.166667 0.166667
1 0.166667
3 0.166667 0.166667 0.166667
3 0.166667 0.166667 0.166667
3 0.166667 0.166667 0.166667
1 0.166667
1 0.166667
1 0.166667
1 0.166667
2 0.166667 0.166667
2 0.166667 0.166667
3 0.166667 0.166667 0.166667
3 0.166667 0.166667 0.166667
1 0.166667
1 0.166667
3 0.166667 0.166667 0.166667
1 0.166667
2 0.166667 0.166667
19
1 0.166667
2 0.166667 0.166667
1 0.166667
2 0.166667 0.166667
2 0.166667 0.166667
2 0.166667 0.166667
1 0.166667
3 0.166667 0.166667 0.166667
3 0.166667 0.166667 0.166667
3 0.166667 0.166667 0.166667
1 0.166667
1 0.166667
1 0.166667
1 0.166667
2 0.166667 0.166667
2 0.166667 0.166667
3 0.166667 0.166667 0.166667
3 0.166667 0.166667 0.166667
1 0.166667
1 0.166667
3 0.166667 0.166667 0.166667
1 0.166667
2 0.166667 0.166667
20
1 0.166667
2 0.166667 0.166667
1 0.166667
2 0.166667 0.166667
2 0.166667 0.166667
2 0.166667 0.166667
1 0.166667
3 0.166667 0.166667 0.166667
3 0.166667 0.166667 0.166667
3 0.166667 0.166667 0.166667
1 0.166667
1 0.166667
1 0.166667
1 0.166667
2 0.166667 0.166667
2 0.166667 0.166667
3 0.166667 0.166667 0.166667
3 0.166667 0.166667 0.166667
1 0.166667
1 0.166667
3 0.166667 0.166667 0.166667
1 0.166667
2 0.166667 0.166667
21
1 0.166667
2 0.166667 0.166667
1 0.166667
2 0.166667 0.166667
2 0.166667 0.166667
2 0.166667 0.166667
1 0.166667
3 0.166667 0.166667 0.166667
3 0.166667 0.166667 0.166667
3 0.166667 0.166667 0.166667
1 0.166667
1 0.166667
1 0.166667
1 0.166667
2 0.166667 0.166667
2 0.166667 0.166667
3 0.166667 0.166667 0.166667
3 0.166667 0.166667 0.166667
1 0.166667
1 0.166667
3 0.166667 0.166667 0.166667
1 0.166667
2 0.166667 0.166667
22
1 0.166667
2 0.166667 0.166667
1 0.166667
2 0.166667 0.166667
2 0.166667 0.166667
2 0.166667 0.166667
1 0.166667
3 0.166667 0.166667 0.166667
3 0.166667 0.166667 0.166667
3 0.166667 0.166667 0.166667
1 0.166667
1 0.166667
1 0.166667
1 0.166667
2 0.166667 0.166667
2 0.166667 0.166667
3 0.166667 0.166667 0.166667
3 0.166667 0.166667 0.166667
1 0.166667
1 0.166667
3 0.166667 0.166667 0.166667
1 0.166667
2 0.166667 0.166667
23
1 0.166667
2 0.166667 0.166667
1 0.166667
2 0.166667 0.166667
2 0.166667 0.166667
2 0.166667 0.166667
1 0.166667
3 0.166667 0.166667 0.166667
3 0.166667 0.166667 0.166667
3 0.166667 0.166667 0.166667
1 0.166667
1 0.166667
1 0.166667
1 0.166667
2 0.166667 0.166667
2 0.166667 0.166667
3 0.166667 0.166667 0.166667
3 0.166667 0.166667 0.166667
1 0.166667
1 0.166667
3 0.166667 0.166667 0.166667
1 0.166667
2 0.166667 0.166667
24
1 0.166667
2 0.166667 0.166667
1 0.166667
2 0.166667 0.166667
2 0.166667 0.166667
2 0.166667 0.166667
1 0.166667
3 0.166667 0.166667 0.166667
3 0.166667 0.166667 0.166667
3 0.166667 0.166667 0.166667
1 0.166667
1 0.166667
1 0.166667
1 0.166667
2 0.166667 0.166667
2 0.166667 0.166667
3 0.166667 0.166667 0.166667
3 0.166667 0.166667 0.166667
1 0.166667
1 0.166667
3 0.166667 0.166667 0.166667
1 0.166667
2 0.166667 0.166667
25
1 0.166667
2 0.166667 0.166667
1 0.166667
2 0.166667 0.166667
2 0.166667 0.166667
2 0.166667 0.166667
1 0.166667
3 0.166667 0.166667 0.166667
3 0.166667 0.166667 0.166667
3 0.166667 0.166667 0.166667
1 0.166667
1 0.166667
1 0.166667
1 0.166667
2 0.166667 0.166667
2 0.166667 0.166667
3 0.166667 0.166667 0.166667
3 0.166667 0.166667 0.166667
1 0.166667
1 0.166667
3 0.166667 0.166667 0.166667
1 0.166667
2 0.166667 0.166667
26
1 0.166667
2 0.166667 0.166667
1 0.166667
2 0.166667 0.166667
2 0.166667 0.166667
2 0.166667 0.166667
1 0.166667
3 0.166667 0.166667 0.166667
3 0.166667 0.166667 0.166667
3 0.166667 0.166667 0.166667
1 0.166667
1 0.166667
1 0.166667
1 0.166667
2 0.166667 0.166667
2 0.166667 0.166667
3 0.166667 0.166667 0.166667
3 0.166667 0.166667 0.166667
1 0.166667
1 0.166667
3 0.166667 0.166667 0.166667
1 0.166667
2 0.166667 0.166667
27
1 0.166667
2 0.166667 0.166667
1 0.166667
2 0.166667 0.166667
2 0.166667 0.166667
2 0.166667 0.166667
1 0.166667
3 0.166667 0.166667 0.166667
3 0.166667 0.166667 0.166667
3 0.166667 0.166667 0.166667
1 0.166667
1 0.166667
1 0.166667
1 0.166667
2 0.166667 0.166667
2 0.166667 0.166667
3 0.166667 0.166667 0.166667
3 0.166667 0.166667 0.166667
1 0.166667
1 0.166667
3 0.166667 0.166667 0.166667
1 0.166667
2 0.166667 0.166667
28
1 0.166667
2 0.166667 0.166667
1 0.166667
2 0.166667 0.166667
2 0.166667 0.166667
2 0.166667 0.166667
1 0.166667
3 0.166667 0.166667 0.166667
3 0.166667 0.166667 0.166667
3 0.166667 0.166667 0.166667
1 0.166667
1 0.166667
1 0.166667
1 0.166667
2 0.166667 0.166667
2 0.166667 0.166667
3 0.166667 0.166667 0.166667
3 0.166667 0.166667 0.166667
1 0.166667
1 0.166667
3 0.166667 0.166667 0.166667
1 0.166667
2 0.166667 0.166667
29
1 0.166667
2 0.166667 0.166667
1 0.166667
2 0.166667 0.166667
2 0.166667 0.166667
2 0.166667 0.166667
1 0.166667
3 0.166667 0.166667 0.166667
3 0.166667 0.166667 0.166667
3 0.166667 0.166667 0.166667
1 0.166667
1 0.166667
1 0.166667
1 0.166667
2 0.166667 0.166667
2 0.166667 0.166667
3 0.166667 0.166667 0.166667
3 0.166667 0.166667 0.166667
1 0.166667
1 0.166667
3 0.166667 0.166667 0.166667
1 0.166667
2 0.166667 0.166667
30
1 0.166667
2 0.166667 0.166667
1 0.166667
2 0.166667 0.166667
2 0.166667 0.166667
2 0.166667 0.166667
1 0.166667
3 0.166667 0.166667 0.166667
3 0.166667 0.166667 0.166667
3 0.166667 0.166667 0.166667
1 0.166667
1 0.166667
1 0.166667
1 0.166667
2 0.166667 0.166667
2 0.166667 0.166667
3 0.166667 0.166667 0.166667
3 0.166667 0.166667 0.166667
1 0.166667
1 0.166667
3 0.166667 0.166667 0.166667
1 0.166667
2 0.166667 0.166667
0.0833333 0.0833333 0.0833333 
0.166667 0.166667 0.166667 0.166667 0.166667 0.166667 0.166667 0.166667 0.166667 0.166667 0.166667 0.166667 0.166667 0.166667 0.166667 0.166667 0.166667 0.166667 0.166667 0.166667 0.166667 0.166667 0.166667 
15.5 10 8 14 9.5 16 14.5 9.5 10.5 14 10.5 16.5 15 14.5 9.5 14.5 10.5 10.5 9 13.5 14 8.5 9.5 
15.8333 10.8333 8.33333 14.8333 10.3333 16.8333 14.8333 10.8333 11.8333 15.3333 10.8333 16.8333 15.3333 14.8333 10.3333 15.3333 11.8333 11.8333 9.33333 13.8333 15.3333 8.83333 10.3333 
7 7 7 
18 18 18 
