p-Cxxxx-V1.txt
3
23
30
30
1.5
10 1 2 3 4 5 6 7 8 9 10
10 11 12 13 14 15 16 17 18 19 20
10 21 22 23 24 25 26 27 28 29 30
3 1 2 3
2 1 2
1 1
2 1 2
2 1 2
2 1 2
3 1 2 3
2 1 2
3 1 2 3
1 1
3 1 2 3
1 1
2 1 2
1 1
1 1
2 1 2
1 1
1 1
2 1 2
3 1 2 3
1 1
1 1
3 1 2 3
0.504425 0.633333 0.537484 0.5 0.433333 0.558768 0.669992 1.17851 1.20185 1.34371 0.533333 1.02686 1.30171 0.654896 0.504425 0.333333 0.622718 1.11006 1.31191 0.405518 0.603692 0.603692 0.339935 
0.87496 0.731057 0.849837 1.16667 1.00499 0.715697 0.661648 0.471405 0.235702 0.166667 0.806915 0.34801 0.372678 0.628932 1.1 1.17851 0.87496 0.406885 0.1 1.10454 0.713364 0.801388 1.11255 
0.194365 0.169967 0.166667 0.942809 0.755719 0.359011 0.233333 1.01379 0.897527 0.971825 0.213437 0.784573 1.05409 0.334996 0.896908 0.833333 0.0666667 0.915302 0.915302 0.825295 0.24267 0.120185 0.781025 
0.504425 0.87496 0.194365 
0.633333 0.731057 0.169967 
0.537484 0.849837 0.166667 
0.5 1.16667 0.942809 
0.433333 1.00499 0.755719 
0.558768 0.715697 0.359011 
0.669992 0.661648 0.233333 
1.17851 0.471405 1.01379 
1.20185 0.235702 0.897527 
1.34371 0.166667 0.971825 
0.533333 0.806915 0.213437 
1.02686 0.34801 0.784573 
1.30171 0.372678 1.05409 
0.654896 0.628932 0.334996 
0.504425 1.1 0.896908 
0.333333 1.17851 0.833333 
0.622718 0.87496 0.0666667 
1.11006 0.406885 0.915302 
1.31191 0.1 0.915302 
0.405518 1.10454 0.825295 
0.603692 0.713364 0.24267 
0.603692 0.801388 0.120185 
0.339935 1.11255 0.781025 
1
3 0.166667 0.166667 0.166667
2 0.166667 0.166667
1 0.166667
2 0.166667 0.166667
2 0.166667 0.166667
2 0.166667 0.166667
3 0.166667 0.166667 0.166667
2 0.166667 0.166667
3 0.166667 0.166667 0.166667
1 0.166667
3 0.166667 0.166667 0.166667
1 0.166667
2 0.166667 0.166667
1 0.166667
1 0.166667
2 0.166667 0.166667
1 0.166667
1 0.166667
2 0.166667 0.166667
3 0.166667 0.166667 0.166667
1 0.166667
1 0.166667
3 0.166667 0.166667 0.166667
2
3 0.166667 0.166667 0.166667
2 0.166667 0.166667
1 0.166667
2 0.166667 0.166667
2 0.166667 0.166667
2 0.166667 0.166667
3 0.166667 0.166667 0.166667
2 0.166667 0.166667
3 0.166667 0.166667 0.166667
1 0.166667
3 0.166667 0.166667 0.166667
1 0.166667
2 0.166667 0.166667
1 0.166667
1 0.166667
2 0.166667 0.166667
1 0.166667
1 0.166667
2 0.166667 0.166667
3 0.166667 0.166667 0.166667
1 0.166667
1 0.166667
3 0.166667 0.166667 0.166667
3
3 0.166667 0.166667 0.166667
2 0.166667 0.166667
1 0.166667
2 0.166667 0.166667
2 0.166667 0.166667
2 0.166667 0.166667
3 0.166667 0.166667 0.166667
2 0.166667 0.166667
3 0.166667 0.166667 0.166667
1 0.166667
3 0.166667 0.166667 0.166667
1 0.166667
2 0.166667 0.166667
1 0.166667
1 0.166667
2 0.166667 0.166667
1 0.166667
1 0.166667
2 0.166667 0.166667
3 0.166667 0.166667 0.166667
1 0.166667
1 0.166667
3 0.166667 0.166667 0.166667
4
3 0.166667 0.166667 0.166667
2 0.166667 0.166667
1 0.166667
2 0.166667 0.166667
2 0.166667 0.166667
2 0.166667 0.166667
3 0.166667 0.166667 0.166667
2 0.166667 0.166667
3 0.166667 0.166667 0.166667
1 0.166667
3 0.166667 0.166667 0.166667
1 0.166667
2 0.166667 0.166667
1 0.166667
1 0.166667
2 0.166667 0.166667
1 0.166667
1 0.166667
2 0.166667 0.166667
3 0.166667 0.166667 0.166667
1 0.166667
1 0.166667
3 0.166667 0.166667 0.166667
5
3 0.166667 0.166667 0.166667
2 0.166667 0.166667
1 0.166667
2 0.166667 0.166667
2 0.166667 0.166667
2 0.166667 0.166667
3 0.166667 0.166667 0.166667
2 0.166667 0.166667
3 0.166667 0.166667 0.166667
1 0.166667
3 0.166667 0.166667 0.166667
1 0.166667
2 0.166667 0.166667
1 0.166667
1 0.166667
2 0.166667 0.166667
1 0.166667
1 0.166667
2 0.166667 0.166667
3 0.166667 0.166667 0.166667
1 0.166667
1 0.166667
3 0.166667 0.166667 0.166667
6
3 0.166667 0.166667 0.166667
2 0.166667 0.166667
1 0.166667
2 0.166667 0.166667
2 0.166667 0.166667
2 0.166667 0.166667
3 0.166667 0.166667 0.166667
2 0.166667 0.166667
3 0.166667 0.166667 0.166667
1 0.166667
3 0.166667 0.166667 0.166667
1 0.166667
2 0.166667 0.166667
1 0.166667
1 0.166667
2 0.166667 0.166667
1 0.166667
1 0.166667
2 0.166667 0.166667
3 0.166667 0.166667 0.166667
1 0.166667
1 0.166667
3 0.166667 0.166667 0.166667
7
3 0.166667 0.166667 0.166667
2 0.166667 0.166667
1 0.166667
2 0.166667 0.166667
2 0.166667 0.166667
2 0.166667 0.166667
3 0.166667 0.166667 0.166667
2 0.166667 0.166667
3 0.166667 0.166667 0.166667
1 0.166667
3 0.166667 0.166667 0.166667
1 0.166667
2 0.166667 0.166667
1 0.166667
1 0.166667
2 0.166667 0.166667
1 0.166667
1 0.166667
2 0.166667 0.166667
3 0.166667 0.166667 0.166667
1 0.166667
1 0.166667
3 0.166667 0.166667 0.166667
8
3 0.166667 0.166667 0.166667
2 0.166667 0.166667
1 0.166667
2 0.166667 0.166667
2 0.166667 0.166667
2 0.166667 0.166667
3 0.166667 0.166667 0.166667
2 0.166667 0.166667
3 0.166667 0.166667 0.166667
1 0.166667
3 0.166667 0.166667 0.166667
1 0.166667
2 0.166667 0.166667
1 0.166667
1 0.166667
2 0.166667 0.166667
1 0.166667
1 0.166667
2 0.166667 0.166667
3 0.166667 0.166667 0.166667
1 0.166667
1 0.166667
3 0.166667 0.166667 0.166667
9
3 0.166667 0.166667 0.166667
2 0.166667 0.166667
1 0.166667
2 0.166667 0.166667
2 0.166667 0.166667
2 0.166667 0.166667
3 0.166667 0.166667 0.166667
2 0.166667 0.166667
3 0.166667 0.166667 0.166667
1 0.166667
3 0.166667 0.166667 0.166667
1 0.166667
2 0.166667 0.166667
1 0.166667
1 0.166667
2 0.166667 0.166667
1 0.166667
1 0.166667
2 0.166667 0.166667
3 0.166667 0.166667 0.166667
1 0.166667
1 0.166667
3 0.166667 0.166667 0.166667
10
3 0.166667 0.166667 0.166667
2 0.166667 0.166667
1 0.166667
2 0.166667 0.166667
2 0.166667 0.166667
2 0.166667 0.166667
3 0.166667 0.166667 0.166667
2 0.166667 0.166667
3 0.166667 0.166667 0.166667
1 0.166667
3 0.166667 0.166667 0.166667
1 0.166667
2 0.166667 0.166667
1 0.166667
1 0.166667
2 0.166667 0.166667
1 0.166667
1 0.166667
2 0.166667 0.166667
3 0.166667 0.166667 0.166667
1 0.166667
1 0.166667
3 0.166667 0.166667 0.166667
11
3 0.166667 0.166667 0.166667
2 0.166667 0.166667
1 0.166667
2 0.166667 0.166667
2 0.166667 0.166667
2 0.166667 0.166667
3 0.166667 0.166667 0.166667
2 0.166667 0.166667
3 0.166667 0.166667 0.166667
1 0.166667
3 0.166667 0.166667 0.166667
1 0.166667
2 0.166667 0.166667
1 0.166667
1 0.166667
2 0.166667 0.166667
1 0.166667
1 0.166667
2 0.166667 0.166667
3 0.166667 0.166667 0.166667
1 0.166667
1 0.166667
3 0.166667 0.166667 0.166667
12
3 0.166667 0.166667 0.166667
2 0.166667 0.166667
1 0.166667
2 0.166667 0.166667
2 0.166667 0.166667
2 0.166667 0.166667
3 0.166667 0.166667 0.166667
2 0.166667 0.166667
3 0.166667 0.166667 0.166667
1 0.166667
3 0.166667 0.166667 0.166667
1 0.166667
2 0.166667 0.166667
1 0.166667
1 0.166667
2 0.166667 0.166667
1 0.166667
1 0.166667
2 0.166667 0.166667
3 0.166667 0.166667 0.166667
1 0.166667
1 0.166667
3 0.166667 0.166667 0.166667
13
3 0.166667 0.166667 0.166667
2 0.166667 0.166667
1 0.166667
2 0.166667 0.166667
2 0.166667 0.166667
2 0.166667 0.166667
3 0.166667 0.166667 0.166667
2 0.166667 0.166667
3 0.166667 0.166667 0.166667
1 0.166667
3 0.166667 0.166667 0.166667
1 0.166667
2 0.166667 0.166667
1 0.166667
1 0.166667
2 0.166667 0.166667
1 0.166667
1 0.166667
2 0.166667 0.166667
3 0.166667 0.166667 0.166667
1 0.166667
1 0.166667
3 0.166667 0.166667 0.166667
14
3 0.166667 0.166667 0.166667
2 0.166667 0.166667
1 0.166667
2 0.166667 0.166667
2 0.166667 0.166667
2 0.166667 0.166667
3 0.166667 0.166667 0.166667
2 0.166667 0.166667
3 0.166667 0.166667 0.166667
1 0.166667
3 0.166667 0.166667 0.166667
1 0.166667
2 0.166667 0.166667
1 0.166667
1 0.166667
2 0.166667 0.166667
1 0.166667
1 0.166667
2 0.166667 0.166667
3 0.166667 0.166667 0.166667
1 0.166667
1 0.166667
3 0.166667 0.166667 0.166667
15
3 0.166667 0.166667 0.166667
2 0.166667 0.166667
1 0.166667
2 0.166667 0.166667
2 0.166667 0.166667
2 0.166667 0.166667
3 0.166667 0.166667 0.166667
2 0.166667 0.166667
3 0.166667 0.166667 0.166667
1 0.166667
3 0.166667 0.166667 0.166667
1 0.166667
2 0.166667 0.166667
1 0.166667
1 0.166667
2 0.166667 0.166667
1 0.166667
1 0.166667
2 0.166667 0.166667
3 0.166667 0.166667 0.166667
1 0.166667
1 0.166667
3 0.166667 0.166667 0.166667
16
3 0.166667 0.166667 0.166667
2 0.166667 0.166667
1 0.166667
2 0.166667 0.166667
2 0.166667 0.166667
2 0.166667 0.166667
3 0.166667 0.166667 0.166667
2 0.166667 0.166667
3 0.166667 0.166667 0.166667
1 0.166667
3 0.166667 0.166667 0.166667
1 0.166667
2 0.166667 0.166667
1 0.166667
1 0.166667
2 0.166667 0.166667
1 0.166667
1 0.166667
2 0.166667 0.166667
3 0.166667 0.166667 0.166667
1 0.166667
1 0.166667
3 0.166667 0.166667 0.166667
17
3 0.166667 0.166667 0.166667
2 0.166667 0.166667
1 0.166667
2 0.166667 0.166667
2 0.166667 0.166667
2 0.166667 0.166667
3 0.166667 0.166667 0.166667
2 0.166667 0.166667
3 0.166667 0.166667 0.166667
1 0.166667
3 0.166667 0.166667 0.166667
1 0.166667
2 0.166667 0.166667
1 0.166667
1 0.166667
2 0.166667 0.166667
1 0.166667
1 0.166667
2 0.166667 0.166667
3 0.166667 0.166667 0.166667
1 0.166667
1 0.166667
3 0.166667 0.166667 0.166667
18
3 0.166667 0.166667 0.166667
2 0.166667 0.166667
1 0.166667
2 0.166667 0.166667
2 0.166667 0.166667
2 0.166667 0.166667
3 0.166667 0.166667 0.166667
2 0.166667 0.166667
3 0.166667 0.166667 0.166667
1 0.166667
3 0.166667 0.166667 0.166667
1 0.166667
2 0.166667 0.166667
1 0.166667
1 0.166667
2 0.166667 0.166667
1 0.166667
1 0.166667
2 0.166667 0.166667
3 0.166667 0.166667 0.166667
1 0.166667
1 0.166667
3 0.166667 0.166667 0.166667
19
3 0.166667 0.166667 0.166667
2 0.166667 0.166667
1 0.166667
2 0.166667 0.166667
2 0.166667 0.166667
2 0.166667 0.166667
3 0.166667 0.166667 0.166667
2 0.166667 0.166667
3 0.166667 0.166667 0.166667
1 0.166667
3 0.166667 0.166667 0.166667
1 0.166667
2 0.166667 0.166667
1 0.166667
1 0.166667
2 0.166667 0.166667
1 0.166667
1 0.166667
2 0.166667 0.166667
3 0.166667 0.166667 0.166667
1 0.166667
1 0.166667
3 0.166667 0.166667 0.166667
20
3 0.166667 0.166667 0.166667
2 0.166667 0.166667
1 0.166667
2 0.166667 0.166667
2 0.166667 0.166667
2 0.166667 0.166667
3 0.166667 0.166667 0.166667
2 0.166667 0.166667
3 0.166667 0.166667 0.166667
1 0.166667
3 0.166667 0.166667 0.166667
1 0.166667
2 0.166667 0.166667
1 0.166667
1 0.166667
2 0.166667 0.166667
1 0.166667
1 0.166667
2 0.166667 0.166667
3 0.166667 0.166667 0.166667
1 0.166667
1 0.166667
3 0.166667 0.166667 0.166667
21
3 0.166667 0.166667 0.166667
2 0.166667 0.166667
1 0.166667
2 0.166667 0.166667
2 0.166667 0.166667
2 0.166667 0.166667
3 0.166667 0.166667 0.166667
2 0.166667 0.166667
3 0.166667 0.166667 0.166667
1 0.166667
3 0.166667 0.166667 0.166667
1 0.166667
2 0.166667 0.166667
1 0.166667
1 0.166667
2 0.166667 0.166667
1 0.166667
1 0.166667
2 0.166667 0.166667
3 0.166667 0.166667 0.166667
1 0.166667
1 0.166667
3 0.166667 0.166667 0.166667
22
3 0.166667 0.166667 0.166667
2 0.166667 0.166667
1 0.166667
2 0.166667 0.166667
2 0.166667 0.166667
2 0.166667 0.166667
3 0.166667 0.166667 0.166667
2 0.166667 0.166667
3 0.166667 0.166667 0.166667
1 0.166667
3 0.166667 0.166667 0.166667
1 0.166667
2 0.166667 0.166667
1 0.166667
1 0.166667
2 0.166667 0.166667
1 0.166667
1 0.166667
2 0.166667 0.166667
3 0.166667 0.166667 0.166667
1 0.166667
1 0.166667
3 0.166667 0.166667 0.166667
23
3 0.166667 0.166667 0.166667
2 0.166667 0.166667
1 0.166667
2 0.166667 0.166667
2 0.166667 0.166667
2 0.166667 0.166667
3 0.166667 0.166667 0.166667
2 0.166667 0.166667
3 0.166667 0.166667 0.166667
1 0.166667
3 0.166667 0.166667 0.166667
1 0.166667
2 0.166667 0.166667
1 0.166667
1 0.166667
2 0.166667 0.166667
1 0.166667
1 0.166667
2 0.166667 0.166667
3 0.166667 0.166667 0.166667
1 0.166667
1 0.166667
3 0.166667 0.166667 0.166667
24
3 0.166667 0.166667 0.166667
2 0.166667 0.166667
1 0.166667
2 0.166667 0.166667
2 0.166667 0.166667
2 0.166667 0.166667
3 0.166667 0.166667 0.166667
2 0.166667 0.166667
3 0.166667 0.166667 0.166667
1 0.166667
3 0.166667 0.166667 0.166667
1 0.166667
2 0.166667 0.166667
1 0.166667
1 0.166667
2 0.166667 0.166667
1 0.166667
1 0.166667
2 0.166667 0.166667
3 0.166667 0.166667 0.166667
1 0.166667
1 0.166667
3 0.166667 0.166667 0.166667
25
3 0.166667 0.166667 0.166667
2 0.166667 0.166667
1 0.166667
2 0.166667 0.166667
2 0.166667 0.166667
2 0.166667 0.166667
3 0.166667 0.166667 0.166667
2 0.166667 0.166667
3 0.166667 0.166667 0.166667
1 0.166667
3 0.166667 0.166667 0.166667
1 0.166667
2 0.166667 0.166667
1 0.166667
1 0.166667
2 0.166667 0.166667
1 0.166667
1 0.166667
2 0.166667 0.166667
3 0.166667 0.166667 0.166667
1 0.166667
1 0.166667
3 0.166667 0.166667 0.166667
26
3 0.166667 0.166667 0.166667
2 0.166667 0.166667
1 0.166667
2 0.166667 0.166667
2 0.166667 0.166667
2 0.166667 0.166667
3 0.166667 0.166667 0.166667
2 0.166667 0.166667
3 0.166667 0.166667 0.166667
1 0.166667
3 0.166667 0.166667 0.166667
1 0.166667
2 0.166667 0.166667
1 0.166667
1 0.166667
2 0.166667 0.166667
1 0.166667
1 0.166667
2 0.166667 0.166667
3 0.166667 0.166667 0.166667
1 0.166667
1 0.166667
3 0.166667 0.166667 0.166667
27
3 0.166667 0.166667 0.166667
2 0.166667 0.166667
1 0.166667
2 0.166667 0.166667
2 0.166667 0.166667
2 0.166667 0.166667
3 0.166667 0.166667 0.166667
2 0.166667 0.166667
3 0.166667 0.166667 0.166667
1 0.166667
3 0.166667 0.166667 0.166667
1 0.166667
2 0.166667 0.166667
1 0.166667
1 0.166667
2 0.166667 0.166667
1 0.166667
1 0.166667
2 0.166667 0.166667
3 0.166667 0.166667 0.166667
1 0.166667
1 0.166667
3 0.166667 0.166667 0.166667
28
3 0.166667 0.166667 0.166667
2 0.166667 0.166667
1 0.166667
2 0.166667 0.166667
2 0.166667 0.166667
2 0.166667 0.166667
3 0.166667 0.166667 0.166667
2 0.166667 0.166667
3 0.166667 0.166667 0.166667
1 0.166667
3 0.166667 0.166667 0.166667
1 0.166667
2 0.166667 0.166667
1 0.166667
1 0.166667
2 0.166667 0.166667
1 0.166667
1 0.166667
2 0.166667 0.166667
3 0.166667 0.166667 0.166667
1 0.166667
1 0.166667
3 0.166667 0.166667 0.166667
29
3 0.166667 0.166667 0.166667
2 0.166667 0.166667
1 0.166667
2 0.166667 0.166667
2 0.166667 0.166667
2 0.166667 0.166667
3 0.166667 0.166667 0.166667
2 0.166667 0.166667
3 0.166667 0.166667 0.166667
1 0.166667
3 0.166667 0.166667 0.166667
1 0.166667
2 0.166667 0.166667
1 0.166667
1 0.166667
2 0.166667 0.166667
1 0.166667
1 0.166667
2 0.166667 0.166667
3 0.166667 0.166667 0.166667
1 0.166667
1 0.166667
3 0.166667 0.166667 0.166667
30
3 0.166667 0.166667 0.166667
2 0.166667 0.166667
1 0.166667
2 0.166667 0.166667
2 0.166667 0.166667
2 0.166667 0.166667
3 0.166667 0.166667 0.166667
2 0.166667 0.166667
3 0.166667 0.166667 0.166667
1 0.166667
3 0.166667 0.166667 0.166667
1 0.166667
2 0.166667 0.166667
1 0.166667
1 0.166667
2 0.166667 0.166667
1 0.166667
1 0.166667
2 0.166667 0.166667
3 0.166667 0.166667 0.166667
1 0.166667
1 0.166667
3 0.166667 0.166667 0.166667
0.0833333 0.0833333 0.0833333 
0.166667 0.166667 0.166667 0.166667 0.166667 0.166667 0.166667 0.166667 0.166667 0.166667 0.166667 0.166667 0.166667 0.166667 0.166667 0.166667 0.166667 0.166667 0.166667 0.166667 0.166667 0.166667 0.166667 
13.5 9 13.5 15.5 11 11 10 13.5 9 14 15 9.5 13.5 11 16 9 9.5 10 13.5 8.5 8 15 8 
14.8333 9.83333 13.8333 16.3333 11.8333 11.8333 11.3333 14.3333 10.3333 14.3333 16.3333 9.83333 14.3333 11.3333 16.3333 9.83333 9.83333 10.3333 14.3333 9.83333 8.33333 15.3333 9.33333 
7 7 7 
18 18 18 
